{
 "cells": [
  {
   "cell_type": "code",
   "execution_count": 1,
   "metadata": {},
   "outputs": [],
   "source": [
    "import pandas as pd\n",
    "import numpy as np\n",
    "import csv as csv"
   ]
  },
  {
   "cell_type": "code",
   "execution_count": 2,
   "metadata": {},
   "outputs": [],
   "source": [
    "train = pd.read_csv('train.csv').replace(\"male\",0).replace(\"female\",1).replace(\"S\",0).replace(\"C\",1).replace(\"Q\",2)\n",
    "test = pd.read_csv('test.csv').replace(\"male\",0).replace(\"female\",1).replace(\"S\",0).replace(\"C\",1).replace(\"Q\",2)\n",
    "y_test = pd.read_csv('gender_submission.csv')"
   ]
  },
  {
   "cell_type": "code",
   "execution_count": 4,
   "metadata": {},
   "outputs": [
    {
     "name": "stdout",
     "output_type": "stream",
     "text": [
      "欠損値の量を確認\n"
     ]
    },
    {
     "data": {
      "text/plain": [
       "PassengerId      0\n",
       "Survived         0\n",
       "Pclass           0\n",
       "Name             0\n",
       "Sex              0\n",
       "Age              0\n",
       "SibSp            0\n",
       "Parch            0\n",
       "Ticket           0\n",
       "Fare             0\n",
       "Cabin          687\n",
       "Embarked         0\n",
       "FamilySize       0\n",
       "dtype: int64"
      ]
     },
     "execution_count": 4,
     "metadata": {},
     "output_type": "execute_result"
    }
   ],
   "source": [
    "print(\"欠損値の量を確認\")\n",
    "train.isnull().sum()"
   ]
  },
  {
   "cell_type": "code",
   "execution_count": 3,
   "metadata": {},
   "outputs": [],
   "source": [
    "#クレンジング\n",
    "train[\"Age\"].fillna(train.Age.mean(),inplace=True)\n",
    "train[\"Embarked\"].fillna(train.Embarked.mean(),inplace=True)\n",
    "\n",
    "test[\"Age\"].fillna(train.Age.mean(),inplace=True)\n",
    "test[\"Embarked\"].fillna(train.Embarked.mean(),inplace=True)\n",
    "test[\"Fare\"].fillna(train.Fare.mean(), inplace=True)\n",
    "\n",
    "#FamilySizeを追加\n",
    "test[\"FamilySize\"]=test[\"SibSp\"]+test[\"Parch\"]+1\n",
    "train[\"FamilySize\"]=train[\"SibSp\"]+train[\"Parch\"]+1"
   ]
  },
  {
   "cell_type": "code",
   "execution_count": 10,
   "metadata": {},
   "outputs": [
    {
     "name": "stdout",
     "output_type": "stream",
     "text": [
      "相関\n"
     ]
    },
    {
     "data": {
      "text/html": [
       "<div>\n",
       "<style scoped>\n",
       "    .dataframe tbody tr th:only-of-type {\n",
       "        vertical-align: middle;\n",
       "    }\n",
       "\n",
       "    .dataframe tbody tr th {\n",
       "        vertical-align: top;\n",
       "    }\n",
       "\n",
       "    .dataframe thead th {\n",
       "        text-align: right;\n",
       "    }\n",
       "</style>\n",
       "<table border=\"1\" class=\"dataframe\">\n",
       "  <thead>\n",
       "    <tr style=\"text-align: right;\">\n",
       "      <th></th>\n",
       "      <th>PassengerId</th>\n",
       "      <th>Survived</th>\n",
       "      <th>Pclass</th>\n",
       "      <th>Sex</th>\n",
       "      <th>Age</th>\n",
       "      <th>SibSp</th>\n",
       "      <th>Parch</th>\n",
       "      <th>Fare</th>\n",
       "      <th>Embarked</th>\n",
       "      <th>FamilySize</th>\n",
       "    </tr>\n",
       "  </thead>\n",
       "  <tbody>\n",
       "    <tr>\n",
       "      <th>PassengerId</th>\n",
       "      <td>1.000000</td>\n",
       "      <td>-0.005007</td>\n",
       "      <td>-0.035144</td>\n",
       "      <td>-0.042939</td>\n",
       "      <td>0.033207</td>\n",
       "      <td>-0.057527</td>\n",
       "      <td>-0.001652</td>\n",
       "      <td>0.012658</td>\n",
       "      <td>-0.030479</td>\n",
       "      <td>-0.040143</td>\n",
       "    </tr>\n",
       "    <tr>\n",
       "      <th>Survived</th>\n",
       "      <td>-0.005007</td>\n",
       "      <td>1.000000</td>\n",
       "      <td>-0.338481</td>\n",
       "      <td>0.543351</td>\n",
       "      <td>-0.069809</td>\n",
       "      <td>-0.035322</td>\n",
       "      <td>0.081629</td>\n",
       "      <td>0.257307</td>\n",
       "      <td>0.108472</td>\n",
       "      <td>0.016639</td>\n",
       "    </tr>\n",
       "    <tr>\n",
       "      <th>Pclass</th>\n",
       "      <td>-0.035144</td>\n",
       "      <td>-0.338481</td>\n",
       "      <td>1.000000</td>\n",
       "      <td>-0.131900</td>\n",
       "      <td>-0.331339</td>\n",
       "      <td>0.083081</td>\n",
       "      <td>0.018443</td>\n",
       "      <td>-0.549500</td>\n",
       "      <td>0.043714</td>\n",
       "      <td>0.065997</td>\n",
       "    </tr>\n",
       "    <tr>\n",
       "      <th>Sex</th>\n",
       "      <td>-0.042939</td>\n",
       "      <td>0.543351</td>\n",
       "      <td>-0.131900</td>\n",
       "      <td>1.000000</td>\n",
       "      <td>-0.084153</td>\n",
       "      <td>0.114631</td>\n",
       "      <td>0.245489</td>\n",
       "      <td>0.182333</td>\n",
       "      <td>0.118347</td>\n",
       "      <td>0.200988</td>\n",
       "    </tr>\n",
       "    <tr>\n",
       "      <th>Age</th>\n",
       "      <td>0.033207</td>\n",
       "      <td>-0.069809</td>\n",
       "      <td>-0.331339</td>\n",
       "      <td>-0.084153</td>\n",
       "      <td>1.000000</td>\n",
       "      <td>-0.232625</td>\n",
       "      <td>-0.179191</td>\n",
       "      <td>0.091566</td>\n",
       "      <td>0.009464</td>\n",
       "      <td>-0.248512</td>\n",
       "    </tr>\n",
       "    <tr>\n",
       "      <th>SibSp</th>\n",
       "      <td>-0.057527</td>\n",
       "      <td>-0.035322</td>\n",
       "      <td>0.083081</td>\n",
       "      <td>0.114631</td>\n",
       "      <td>-0.232625</td>\n",
       "      <td>1.000000</td>\n",
       "      <td>0.414838</td>\n",
       "      <td>0.159651</td>\n",
       "      <td>-0.060591</td>\n",
       "      <td>0.890712</td>\n",
       "    </tr>\n",
       "    <tr>\n",
       "      <th>Parch</th>\n",
       "      <td>-0.001652</td>\n",
       "      <td>0.081629</td>\n",
       "      <td>0.018443</td>\n",
       "      <td>0.245489</td>\n",
       "      <td>-0.179191</td>\n",
       "      <td>0.414838</td>\n",
       "      <td>1.000000</td>\n",
       "      <td>0.216225</td>\n",
       "      <td>-0.079300</td>\n",
       "      <td>0.783111</td>\n",
       "    </tr>\n",
       "    <tr>\n",
       "      <th>Fare</th>\n",
       "      <td>0.012658</td>\n",
       "      <td>0.257307</td>\n",
       "      <td>-0.549500</td>\n",
       "      <td>0.182333</td>\n",
       "      <td>0.091566</td>\n",
       "      <td>0.159651</td>\n",
       "      <td>0.216225</td>\n",
       "      <td>1.000000</td>\n",
       "      <td>0.063396</td>\n",
       "      <td>0.217138</td>\n",
       "    </tr>\n",
       "    <tr>\n",
       "      <th>Embarked</th>\n",
       "      <td>-0.030479</td>\n",
       "      <td>0.108472</td>\n",
       "      <td>0.043714</td>\n",
       "      <td>0.118347</td>\n",
       "      <td>0.009464</td>\n",
       "      <td>-0.060591</td>\n",
       "      <td>-0.079300</td>\n",
       "      <td>0.063396</td>\n",
       "      <td>1.000000</td>\n",
       "      <td>-0.081029</td>\n",
       "    </tr>\n",
       "    <tr>\n",
       "      <th>FamilySize</th>\n",
       "      <td>-0.040143</td>\n",
       "      <td>0.016639</td>\n",
       "      <td>0.065997</td>\n",
       "      <td>0.200988</td>\n",
       "      <td>-0.248512</td>\n",
       "      <td>0.890712</td>\n",
       "      <td>0.783111</td>\n",
       "      <td>0.217138</td>\n",
       "      <td>-0.081029</td>\n",
       "      <td>1.000000</td>\n",
       "    </tr>\n",
       "  </tbody>\n",
       "</table>\n",
       "</div>"
      ],
      "text/plain": [
       "             PassengerId  Survived    Pclass       Sex       Age     SibSp  \\\n",
       "PassengerId     1.000000 -0.005007 -0.035144 -0.042939  0.033207 -0.057527   \n",
       "Survived       -0.005007  1.000000 -0.338481  0.543351 -0.069809 -0.035322   \n",
       "Pclass         -0.035144 -0.338481  1.000000 -0.131900 -0.331339  0.083081   \n",
       "Sex            -0.042939  0.543351 -0.131900  1.000000 -0.084153  0.114631   \n",
       "Age             0.033207 -0.069809 -0.331339 -0.084153  1.000000 -0.232625   \n",
       "SibSp          -0.057527 -0.035322  0.083081  0.114631 -0.232625  1.000000   \n",
       "Parch          -0.001652  0.081629  0.018443  0.245489 -0.179191  0.414838   \n",
       "Fare            0.012658  0.257307 -0.549500  0.182333  0.091566  0.159651   \n",
       "Embarked       -0.030479  0.108472  0.043714  0.118347  0.009464 -0.060591   \n",
       "FamilySize     -0.040143  0.016639  0.065997  0.200988 -0.248512  0.890712   \n",
       "\n",
       "                Parch      Fare  Embarked  FamilySize  \n",
       "PassengerId -0.001652  0.012658 -0.030479   -0.040143  \n",
       "Survived     0.081629  0.257307  0.108472    0.016639  \n",
       "Pclass       0.018443 -0.549500  0.043714    0.065997  \n",
       "Sex          0.245489  0.182333  0.118347    0.200988  \n",
       "Age         -0.179191  0.091566  0.009464   -0.248512  \n",
       "SibSp        0.414838  0.159651 -0.060591    0.890712  \n",
       "Parch        1.000000  0.216225 -0.079300    0.783111  \n",
       "Fare         0.216225  1.000000  0.063396    0.217138  \n",
       "Embarked    -0.079300  0.063396  1.000000   -0.081029  \n",
       "FamilySize   0.783111  0.217138 -0.081029    1.000000  "
      ]
     },
     "execution_count": 10,
     "metadata": {},
     "output_type": "execute_result"
    }
   ],
   "source": [
    "print(\"相関\")\n",
    "df_train_proc_dn.corr()"
   ]
  },
  {
   "cell_type": "code",
   "execution_count": null,
   "metadata": {},
   "outputs": [],
   "source": []
  }
 ],
 "metadata": {
  "kernelspec": {
   "display_name": "Python 3",
   "language": "python",
   "name": "python3"
  },
  "language_info": {
   "codemirror_mode": {
    "name": "ipython",
    "version": 3
   },
   "file_extension": ".py",
   "mimetype": "text/x-python",
   "name": "python",
   "nbconvert_exporter": "python",
   "pygments_lexer": "ipython3",
   "version": "3.7.0"
  }
 },
 "nbformat": 4,
 "nbformat_minor": 2
}
